%YAML:1.0
intrinsics: !!opencv-matrix
          rows: 3 
          cols: 3
          dt: d
          data: [484.159375170182273,                   0,   319.710106970904462,
                                   0, 483.822723896623813,   253.029155954378837,
                                   0,                   0,                     1] 

distortion_coefficients: !!opencv-matrix
          rows: 1
          cols: 4
          dt: d
          data: [-0.423986438445120, 0.186399843710207, 0.000040984591796, -0.001023860163545]

