%YAML:1.0
image_width: 1280
image_height: 720
intrinsics: !!opencv-matrix
          rows: 3 
          cols: 3
          dt: d
          data: [917.085774720723748,                   0,   648.382649188493360,
                                   0, 911.963991982981156,   335.300395686338163,
                                   0,                   0,                     1] 

distortion_coefficients: !!opencv-matrix
          rows: 1
          cols: 4
          dt: d
          data: [ -0.425898749799644, 0.157054522414346, 0.012444974144517, -0.000380999983208]

