# oST version 5.0 parameters


[image]

width
1280

height
720

[narrow_stereo]

camera matrix
877.903775 0.000000 630.445882
0.000000 877.251363 338.917371
0.000000 0.000000 1.000000

distortion
-0.408997 0.140690 0.003410 0.003035 0.000000

rectification
1.000000 0.000000 0.000000
0.000000 1.000000 0.000000
0.000000 0.000000 1.000000

projection
645.197083 0.000000 636.966801 0.000000
0.000000 811.258423 337.272297 0.000000
0.000000 0.000000 1.000000 0.000000
