# oST version 5.0 parameters

[image]

width
1280

height
720

[camera]

camera matrix
938.371527793949554 0 661.529119053356226
0 939.854248750901320 322.723091462234606
0.000000 0.000000 1.000000

distortion
-0.484293077475647 0.227064813456418 0.000966076314497 -0.003585470643631 0

rectification
1.000000 0.000000 0.000000
0.000000 1.000000 0.000000
0.000000 0.000000 1.000000

projection
938.371527793949554 0 661.529119053356226 0
0 939.854248750901320 322.723091462234606 0 
0.000000 0.000000 1.000000 0
