# oST version 5.0 parameters

[image]

width
1280

height
720

[camera]

camera matrix
880.067666 0.000000 623.575130
0.000000 880.411675 355.350879
0.000000 0.000000 1.000000

distortion
-0.409995 0.155390 -0.003849 0.003974 0.000000

rectification
1.000000 0.000000 0.000000
0.000000 1.000000 0.000000
0.000000 0.000000 1.000000

projection
663.389526 0.000000 630.199085 0.000000
0.000000 814.937500 352.223188 0.000000
0.000000 0.000000 1.000000 0.000000
