%YAML:1.0
image_width: 1280
image_height: 720
intrinsics: !!opencv-matrix
          rows: 3 
          cols: 3
          dt: d
          data: [877.903775, 0.000000, 630.445882,
                 0.000000, 877.251363, 338.917371,
                 0.000000, 0.000000, 1.000000] 

distortion_coefficients: !!opencv-matrix
          rows: 1
          cols: 4
          dt: d
          data: [-0.408997, 0.140690, 0.003410, 0.003035]
